14.50418712
13.15198352
23.19455613
14.87061468
14.11819775
13.48401461
1000000000000.00000000
15.19910419
35.15460110
16.23809217
16.96898130
9.61315153
13.35283064
9.28167709
13.12845093
17.69312643
60.83956093
10.82463996
28.89920995
14.32370651
13.30864679
18.45118538
24.79963100
14.53260728
11.24454850
9.65201768
21.36926220
48.13935995
38.41267459
14.83881450
15.30134677
1000000000000.00000000
9.55365439
13.42245948
1000000000000.00000000
14.75989213
25.79195110
1000000000000.00000000
34.31795710
19.91316420
45.22927989
28.32097033
12.92341090
71.60838347
40.58300207
12.50079061
36.98899016
20.77596745
57.12560527
45.51601755
18.13515727
55.98527067
12.56249963
13.48958154
14.49130463
18.98912706
21.82568127
11.65512216
15.17359959
33.51922870
9.35257434
1000000000000.00000000
39.04908848
18.56049638
35.61250912
17.33002242
23.59078438
26.92395137
1000000000000.00000000
18.72839252
18.94889625
1000000000000.00000000
13.67280992
14.00535323
40.15678033
9.16509497
1000000000000.00000000
43.51513557
22.56780704
17.81199340
15.63783342
16.79516361
27.05336525
10.90614398
19.25109858
8.12399214
14.78253174
36.84581382
27.60812746
16.91423927
1000000000000.00000000
15.57030980
34.00296893
1000000000000.00000000
16.93749214
12.94256815
54.80025884
15.00008150
48.12035563
1000000000000.00000000
