1 0.216301
2 0.212867
3 0.259651
4 0.279384
5 0.225229
6 0.302612
7 0.287865
8 0.022905
9 0.270950
10 0.064329
11 0.240850
12 0.012827
13 0.002516
14 0.256676
15 0.010202
16 0.371583
17 0.100079
18 0.043494
19 0.194935
20 0.007192
21 0.068992
22 0.371292
23 0.015664
24 0.018217
25 0.297805
26 0.441274
27 0.277138
28 0.318714
29 0.409635
30 0.235062
31 0.207755
32 0.299865
33 0.231952
34 0.334142
35 0.171777
36 0.281828
37 0.209759
38 0.068333
39 0.252249
40 0.199197
41 0.015717
42 0.222764
43 0.000109
44 0.005591
45 -0.000091
46 0.284989
47 0.328398
48 0.203922
49 0.021393
50 0.334764
51 0.091496
52 0.351358
53 0.314693
54 0.014716
55 0.009510
56 0.034520
57 0.213053
58 0.213791
59 0.246020
60 0.236847
61 0.254950
62 0.208881
63 0.002906
64 0.013750
65 0.251461
66 0.007343
67 0.276805
68 0.445246
69 -0.004003
70 0.270015
71 0.011581
72 0.402012
73 0.290774
74 0.286615
75 0.408588
76 0.209728
77 0.220907
78 0.288649
79 0.298886
80 0.029303
81 0.015963
82 0.300439
83 0.291030
84 0.021975
85 0.045449
86 0.272050
87 0.233925
88 0.273446
89 0.412949
90 0.240924
91 0.094939
92 0.273859
93 0.194917
94 0.204117
95 0.263878
96 0.188124
97 0.224606
98 0.463653
99 0.020405
100 0.134551
101 0.038650
102 0.293885
103 0.237468
104 0.248596
105 0.000247
106 0.261463
107 0.020862
108 0.306292
109 0.202303
110 0.009264
111 0.264670
112 0.009574
113 0.233354
114 0.215998
115 0.233948
116 0.009258
117 0.019580
118 0.016689
119 0.372574
120 0.235870
121 0.278479
122 0.268306
123 0.016488
124 0.285093
125 0.280579
126 0.320138
127 0.045315
128 0.303040
129 0.234589
130 0.438160
131 0.242829
132 0.233445
133 0.020307
134 0.375564
135 0.011374
136 0.217358
137 0.210693
138 0.243835
139 0.301583
140 0.025289
141 0.129324
142 0.265417
143 0.242998
144 0.088084
145 0.026108
146 0.380448
147 -0.000711
148 0.247081
149 0.028149
150 0.305488
151 0.031520
152 0.218909
153 0.143160
154 0.031122
155 0.028771
156 0.200502
157 0.036511
158 0.009598
159 0.167961
160 0.297475
161 -0.008124
162 0.311796
163 0.018003
164 -0.003709
165 0.351488
166 0.034833
167 0.017837
168 0.032763
169 0.000533
170 0.217385
171 0.239081
172 0.026525
173 0.031376
174 0.235630
175 0.294395
176 0.099170
177 0.296081
178 0.219987
179 0.230905
180 0.031115
181 0.260904
182 0.003732
183 0.006354
184 0.021355
185 0.461557
186 0.178272
187 0.446576
188 0.241067
189 0.278597
190 0.216374
191 0.202053
192 0.216272
193 0.399896
194 0.337311
195 0.088279
196 0.267813
197 0.417581
198 0.212954
199 0.336051
200 0.405328
201 0.208902
202 0.187753
203 0.013531
204 0.244551
205 0.399498
206 0.288223
207 0.385127
208 0.039197
209 0.005104
210 0.354041
211 0.212700
212 -0.002364
213 0.260279
214 0.224025
215 0.218707
216 0.222371
217 0.227236
218 0.262421
219 0.211081
220 0.243008
221 0.287544
222 0.384716
223 0.174663
224 0.220961
225 0.220217
226 0.237495
227 0.002095
228 0.213840
229 0.230958
230 0.267771
231 0.259367
232 0.296483
233 0.205969
234 0.004848
235 0.067082
236 0.287339
237 0.295113
238 0.249930
239 0.008332
240 0.263404
241 0.200952
242 0.128770
243 0.249690
244 0.015915
245 0.005169
246 0.195190
247 0.010853
248 0.033932
249 0.012085
250 0.342143
251 0.180281
252 0.012158
253 0.246267
254 0.272404
255 0.312214
256 0.161718
257 0.213782
258 0.197876
259 0.038378
260 0.189636
261 0.281469
262 0.206494
263 0.310093
264 0.229264
265 0.054495
266 0.001434
267 0.207968
268 0.261187
269 0.064299
270 0.018938
271 0.316700
272 0.217357
273 0.002045
274 0.261514
275 0.214402
276 0.241568
277 0.312397
278 0.035753
279 0.020480
280 0.014780
281 0.300461
282 0.134816
283 0.418369
284 0.193862
285 0.017058
286 0.003287
287 0.149009
288 0.176421
289 0.200428
290 0.005546
291 0.211364
292 0.301622
293 0.069684
294 0.215048
295 0.005484
296 0.158446
297 0.434628
298 0.163604
299 0.006532
300 0.271763
301 0.237442
302 0.027881
303 0.275906
304 0.293977
305 -0.002079
306 0.238545
307 0.212807
308 0.351785
309 0.301258
310 0.115710
311 0.218339
312 0.013464
313 0.021077
314 0.296352
315 0.338514
316 0.314206
317 0.233003
318 0.003611
319 0.227534
320 0.191448
321 0.011460
322 0.010073
323 0.343022
324 0.240660
325 0.021300
326 0.236207
327 0.208044
328 0.002853
329 0.178199
330 0.027741
331 0.205940
332 0.350432
333 0.295997
334 0.200423
335 0.323512
336 0.026853
337 0.020405
338 0.319760
339 0.208169
340 0.203828
341 0.340496
342 0.321190
343 0.182618
344 0.242610
345 0.020757
346 0.377743
347 0.013752
348 0.201640
349 0.183996
350 0.000712
351 0.021552
352 0.231072
353 0.445310
354 0.106399
355 0.451778
356 0.237486
357 0.070603
358 0.012249
359 0.225096
360 0.179662
361 0.193649
362 0.184649
363 0.274030
364 0.196580
365 0.008452
366 0.323346
367 0.219395
368 0.027120
369 0.326558
370 0.235030
371 0.406246
372 0.017767
373 0.306668
374 0.259614
375 0.022691
376 0.276630
377 0.026148
378 0.031528
379 0.091222
380 0.016860
381 0.287255
382 0.294196
383 0.304502
384 0.151813
385 0.454029
386 0.360550
387 0.031010
388 0.202206
389 0.010746
390 0.215092
391 0.132099
392 0.002176
393 0.235408
394 0.000678
395 0.033184
396 0.300039
397 0.264418
398 0.017865
399 0.087335
400 0.013238
