1 0.358375
2 0.443375
3 0.125788
4 0.418819
5 0.129688
6 0.022014
7 0.204759
8 0.187158
9 0.486110
10 0.310961
11 0.012567
12 0.451118
13 0.295164
14 0.240579
15 0.335904
16 0.454640
17 0.004311
18 0.088149
19 0.422949
20 0.355705
21 0.256116
22 0.024844
23 0.229583
24 0.148338
25 0.117264
26 0.361373
27 0.138920
28 0.354626
29 0.347285
30 0.335510
31 0.222112
32 0.257053
33 0.128563
34 0.361059
35 0.032145
36 0.188309
37 0.135310
38 0.162405
39 0.278659
40 0.103171
41 0.312047
42 0.067859
43 0.414422
44 0.262431
45 0.081105
46 0.410842
47 0.438608
48 0.439029
49 0.428690
50 0.157045
51 0.036796
52 0.362522
53 0.492754
54 0.085232
55 0.325780
56 0.014194
57 0.480675
58 0.296598
59 0.238238
60 0.438845
61 0.128503
62 0.161310
63 0.225033
64 0.316575
65 0.423353
66 0.188894
67 0.089371
68 0.416522
69 0.366027
70 0.341071
71 0.191816
72 0.249181
73 0.172663
74 0.274427
75 0.175775
76 0.303149
77 0.370794
78 0.393315
79 0.369935
80 0.382865
